  3.5876099701783755e+006 -8.4306644425417352e+006
  3.5878122855425794e+006 -8.4312699429677203e+006
  3.5877247756600995e+006 -8.4319811899035554e+006
  3.5874585050594578e+006 -8.4323859105095956e+006
  3.5871729811429144e+006 -8.4326975008107442e+006
  3.5868864727113121e+006 -8.4330035930348169e+006
  3.5865966757160206e+006 -8.4332948606349640e+006
  3.5863081738798567e+006 -8.4335958685596585e+006
  3.5860237873008759e+006 -8.4339089658037331e+006
  3.5857416033001109e+006 -8.4342297421037070e+006
  3.5854660820856299e+006 -8.4345732542190030e+006
  3.5851917986435466e+006 -8.4349284361088239e+006
  3.5849261058151363e+006 -8.4353127897631731e+006
  3.5846719080076362e+006 -8.4357397689959388e+006
  3.5844317570687877e+006 -8.4362206891898029e+006
  3.5842122741255336e+006 -8.4367791167853922e+006
  3.5840234677772280e+006 -8.4374486537628211e+006
  3.5839095376421153e+006 -8.4384499062372744e+006
  3.5840222069352781e+006 -8.4393989549784679e+006
  3.5842112698375867e+006 -8.4400791393348686e+006
  3.5844493565819091e+006 -8.4405611631076764e+006
  3.5846870837718840e+006 -8.4410509801187757e+006
  3.5849415352451876e+006 -8.4414789657660127e+006
  3.5852185935546765e+006 -8.4418161979948170e+006
  3.5855099138836106e+006 -8.4421074724319540e+006
  3.5858070360228224e+006 -8.4423722634922713e+006
  3.5861125646211696e+006 -8.4426079699922800e+006
  3.5864162358655469e+006 -8.4428551344009340e+006
  3.5867320786845931e+006 -8.4430406160546113e+006
  3.5870635298413159e+006 -8.4431719747453816e+006
  3.5874057552072876e+006 -8.4432734088599924e+006
  3.5877419153400562e+006 -8.4433524685189072e+006
  3.5881086571748056e+006 -8.4433957534631155e+006
  3.5884763300390714e+006 -8.4434157971727028e+006
  3.5888408796001542e+006 -8.4434318606089372e+006
  3.5891754941907991e+006 -8.4435176576447338e+006
  3.5895445430745166e+006 -8.4435347193580903e+006
  3.5898970368391201e+006 -8.4434884954720046e+006
  3.5902438021857245e+006 -8.4434366569664143e+006
  3.5905716241956204e+006 -8.4434502021058090e+006
  3.5908482234123531e+006 -8.4434582274470441e+006
  3.5910720826102332e+006 -8.4434695070348158e+006
  3.5913443234802191e+006 -8.4434655328382272e+006
  3.5916202374100671e+006 -8.4434785119786747e+006
  3.5919298998867213e+006 -8.4434789637211449e+006
  3.5922279074321794e+006 -8.4434850083966330e+006
  3.5925671440336299e+006 -8.4435059854779448e+006
  3.5929377032088628e+006 -8.4435509173696525e+006
  3.5932742951772884e+006 -8.4436362642918471e+006
  3.5936068137598448e+006 -8.4437836631025746e+006
  3.5938720943339448e+006 -8.4441793815815207e+006
  3.5941331167981387e+006 -8.4445708530782890e+006
  3.5943625694532436e+006 -8.4450946096584983e+006
  3.5945712406680761e+006 -8.4456947319779377e+006
  3.5946740749869091e+006 -8.4466321100688186e+006
  3.5945726189563563e+006 -8.4476166004572231e+006
  3.5943874842646997e+006 -8.4483050924102962e+006
  3.5941760215989444e+006 -8.4488945341298021e+006
  3.5939423890015697e+006 -8.4493983449345157e+006
  3.5936916975902044e+006 -8.4498413299263231e+006
  3.5934295619380008e+006 -8.4502379249101151e+006
  3.5931548301827433e+006 -8.4505902706204820e+006
  3.5928744907164164e+006 -8.4509100300627500e+006
  3.5925800249620117e+006 -8.4511893201436605e+006
  3.5922795716225207e+006 -8.4514401065079886e+006
  3.5919704465947193e+006 -8.4516631491517033e+006
  3.5916535924438927e+006 -8.4518604889139254e+006
  3.5913310595630659e+006 -8.4520313300626576e+006
  3.5910084640543195e+006 -8.4521902185966671e+006
  3.5906797340514893e+006 -8.4523398128957879e+006
  3.5903421921872776e+006 -8.4524579913081601e+006
  3.5900060803096006e+006 -8.4525789595974311e+006
  3.5896687555441265e+006 -8.4526913871636186e+006
  3.5893301770643722e+006 -8.4528011587420516e+006
  3.5889935108638899e+006 -8.4529140676683988e+006
  3.5886581075239526e+006 -8.4530301941548046e+006
  3.5883200204329989e+006 -8.4531616151407901e+006
  3.5879971386105199e+006 -8.4533210620052926e+006
  3.5876811969509730e+006 -8.4535185603678245e+006
  3.5873815361624244e+006 -8.4537709617600143e+006
  3.5871406350605846e+006 -8.4542653187663667e+006
  3.5872336046149381e+006 -8.4549079647971485e+006
  3.5875207008216684e+006 -8.4552405858570449e+006
  3.5878275564347864e+006 -8.4554595952058174e+006
  3.5881550456204894e+006 -8.4556205422893632e+006
  3.5884868719480946e+006 -8.4557524927495606e+006
  3.5888209991569584e+006 -8.4558783636949472e+006
  3.5891654193349215e+006 -8.4559904769444354e+006
  3.5894785294590839e+006 -8.4561658337527812e+006
  3.5898161858586958e+006 -8.4562879964111168e+006
  3.5901505243331287e+006 -8.4564129836022407e+006
  3.5904850750105456e+006 -8.4565362372931447e+006
  3.5908197328571184e+006 -8.4566662296582367e+006
  3.5911529344202313e+006 -8.4567965439226553e+006
  3.5914816712232679e+006 -8.4569360628011469e+006
  3.5918127798588094e+006 -8.4570760352129713e+006
  3.5921390783770476e+006 -8.4572303033827730e+006
  3.5924695919734421e+006 -8.4573792111760359e+006
  3.5927807532088542e+006 -8.4574873768569212e+006
  3.5930736555787479e+006 -8.4575760570933633e+006
  3.5934001099198721e+006 -8.4577474647269212e+006
  3.5937211646279898e+006 -8.4579264871622343e+006
  3.5940466508386186e+006 -8.4580844449769687e+006
  3.5943754854764622e+006 -8.4582424292707536e+006
  3.5947005888822856e+006 -8.4583909843025394e+006
  3.5950221342818663e+006 -8.4585525212982986e+006
  3.5953556619879971e+006 -8.4586974962520190e+006
  3.5956804179447494e+006 -8.4588436232170183e+006
  3.5960120954103111e+006 -8.4589879972365797e+006
  3.5963428411237379e+006 -8.4591301752807088e+006
  3.5966683802867644e+006 -8.4592778458391558e+006
  3.5970030148693207e+006 -8.4594155497607794e+006
  3.5973313247303194e+006 -8.4595587504773233e+006
  3.5976617245740597e+006 -8.4597086682587210e+006
  3.5979887732248744e+006 -8.4598597425467949e+006
  3.5983129120664047e+006 -8.4600262298584208e+006
  3.5986311519635115e+006 -8.4602052901259232e+006
  3.5989439613967254e+006 -8.4604118477438651e+006
  3.5992496479293797e+006 -8.4606423212759066e+006
  3.5995508280580943e+006 -8.4608992647809815e+006
  3.5998414160616212e+006 -8.4611841942010652e+006
  3.6001270985095324e+006 -8.4614976516987476e+006
  3.6004016034580935e+006 -8.4618478883529250e+006
  3.6006606209367053e+006 -8.4622586801700592e+006
  3.6009128073508376e+006 -8.4626925577011630e+006
  3.6011506721967529e+006 -8.4631806338992212e+006
  3.6013812913330281e+006 -8.4636983987883311e+006
  3.6016029028805895e+006 -8.4642481819309089e+006
  3.6018283221261804e+006 -8.4647843851098120e+006
  3.6020535775004514e+006 -8.4653201532030553e+006
  3.6022798503177823e+006 -8.4658528663446866e+006
  3.6025214049553387e+006 -8.4663293523325436e+006
  3.6027621677340707e+006 -8.4668072687471621e+006
  3.6030191912708115e+006 -8.4672217983211242e+006
  3.6032740414700066e+006 -8.4676501232212931e+006
  3.6035442927127816e+006 -8.4680131901173480e+006
  3.6038266144831222e+006 -8.4683344659212884e+006
  3.6041257140388926e+006 -8.4685987324798070e+006
  3.6044370440561702e+006 -8.4688071816178840e+006
  3.6047561272144602e+006 -8.4689917843289636e+006
  3.6050845429740157e+006 -8.4691525180397183e+006
  3.6054140159993055e+006 -8.4693010321864691e+006
  3.6057355242303093e+006 -8.4694648143027257e+006
  3.6060690522120022e+006 -8.4695934124316219e+006
  3.6063933096546871e+006 -8.4697258524711113e+006
  3.6067379581353399e+006 -8.4698402686700467e+006
  3.6070716931858649e+006 -8.4699544162344877e+006
  3.6074084483195338e+006 -8.4700746123187970e+006
  3.6077433665993018e+006 -8.4702073369412236e+006
  3.6080697817033259e+006 -8.4703614660523757e+006
  3.6083854724301537e+006 -8.4705542536585759e+006
  3.6086840334036001e+006 -8.4708154248081464e+006
  3.6089613940951149e+006 -8.4711581747283116e+006
  3.6091951432465781e+006 -8.4716620780199394e+006
  3.6093436888791807e+006 -8.4724886857859343e+006
  3.6093633400253560e+006 -8.4735721335500758e+006
  3.6092898652254515e+006 -8.4746768818245921e+006
  3.6091350765063982e+006 -8.4754775320321824e+006
  3.6088938489772985e+006 -8.4759589981970731e+006
  3.6086297602281473e+006 -8.4763535315929055e+006
  3.6083351226112815e+006 -8.4766323699226696e+006
  3.6080467680022754e+006 -8.4769208081704807e+006
  3.6077540503967586e+006 -8.4771970703136232e+006
  3.6074458514893977e+006 -8.4774305939473156e+006
  3.6071435004488127e+006 -8.4776743976492211e+006
  3.6068342958369832e+006 -8.4779037490582932e+006
  3.6065330777077517e+006 -8.4781396555136945e+006
  3.6062286417650408e+006 -8.4783804413748272e+006
  3.6059237359977914e+006 -8.4786254880956970e+006
  3.6056276090278528e+006 -8.4788927811531853e+006
  3.6053362220222815e+006 -8.4791762007051278e+006
  3.6050528360986128e+006 -8.4794962950812671e+006
  3.6047752147840867e+006 -8.4798386661056131e+006
  3.6045180498636235e+006 -8.4802537034124881e+006
  3.6042848153013899e+006 -8.4807695616094545e+006
  3.6041679590524454e+006 -8.4814676382430978e+006
  3.6043431888107574e+006 -8.4820280414196234e+006
  3.6045842120667035e+006 -8.4825133435147759e+006
  3.6048605367221939e+006 -8.4828636684369575e+006
  3.6051465847038599e+006 -8.4831690648005940e+006
  3.6054407454433241e+006 -8.4834430006787814e+006
  3.6057377350139422e+006 -8.4837172262595501e+006
  3.6060425816554232e+006 -8.4839546293106638e+006
  3.6063593096341067e+006 -8.4841456623301394e+006
  3.6066807803947288e+006 -8.4843169289165735e+006
  3.6070036778515778e+006 -8.4844686120749954e+006
  3.6073412714857375e+006 -8.4846227336785775e+006
  3.6076672883939701e+006 -8.4847328406570312e+006
  3.6080171921185674e+006 -8.4848304012875278e+006
  3.6083407405304997e+006 -8.4849524587353095e+006
  3.6086356467120601e+006 -8.4850120718991458e+006
  3.6089261716206381e+006 -8.4851159016845524e+006
  3.6092557317072744e+006 -8.4851338032272384e+006
  3.6096025556228380e+006 -8.4851484537454322e+006
  3.6098515238710367e+006 -8.4851311571165882e+006
  3.6101258044506507e+006 -8.4851055617672708e+006
  3.6104539891791623e+006 -8.4850415475089177e+006
  3.6107327383604352e+006 -8.4849594619427137e+006
  3.6110904727238184e+006 -8.4849097306930535e+006
  3.6114278157874956e+006 -8.4848217083505522e+006
  3.6117807746837684e+006 -8.4847186468088794e+006
  3.6120798053674777e+006 -8.4845334644559100e+006
  3.6123962221178934e+006 -8.4847240933104735e+006
  3.6127043358986345e+006 -8.4849471137487385e+006
  3.6130094653924205e+006 -8.4851833886927050e+006
  3.6133108245767094e+006 -8.4854311265011430e+006
  3.6136116504575536e+006 -8.4856785175362416e+006
  3.6137171368742771e+006 -8.4861673467279263e+006
  3.6138926285658325e+006 -8.4868542586628310e+006
  3.6140898549658358e+006 -8.4874922202301063e+006
  3.6142676589649026e+006 -8.4882086006538384e+006
  3.6144263710387303e+006 -8.4889970112584215e+006
  3.6145972338210251e+006 -8.4897348512040265e+006
  3.6147821269037505e+006 -8.4904275534966569e+006
  3.6149789314184473e+006 -8.4910686251428258e+006
  3.6151923155827527e+006 -8.4916519608566817e+006
  3.6154196225175802e+006 -8.4921800225108843e+006
  3.6156586743761376e+006 -8.4926639274496771e+006
  3.6159191606016029e+006 -8.4930684629442785e+006
  3.6161853456106866e+006 -8.4934517158292029e+006
  3.6164582095134230e+006 -8.4938071651884001e+006
  3.6167468489969624e+006 -8.4941058573533166e+006
  3.6170462380426475e+006 -8.4943602593010161e+006
  3.6173592868519216e+006 -8.4945731263416577e+006
  3.6176788233872168e+006 -8.4947567771737315e+006
  3.6180037227418972e+006 -8.4949088084823992e+006
  3.6183393555546035e+006 -8.4950382065267712e+006
  3.6186801810708717e+006 -8.4951485080952235e+006
  3.6190167933596978e+006 -8.4952280916790348e+006
  3.6193831849576500e+006 -8.4952946903409250e+006
  3.6197115594045171e+006 -8.4953292149918918e+006
  3.6200063997291513e+006 -8.4953444386885948e+006
  3.6203785090614147e+006 -8.4953502572718393e+006
  3.6206969753109911e+006 -8.4953375784751941e+006
  3.6210000933669643e+006 -8.4953235573149007e+006
  3.6213699652316440e+006 -8.4953040227403212e+006
  3.6217374412953220e+006 -8.4952800880660228e+006
  3.6221051521778433e+006 -8.4952604951012880e+006
  3.6224728491770495e+006 -8.4952442747667804e+006
  3.6228405458120205e+006 -8.4952354958509095e+006
  3.6232082647132282e+006 -8.4952395983280465e+006
  3.6235759644421735e+006 -8.4952589917870350e+006
  3.6239412561054276e+006 -8.4953056930723600e+006
  3.6242774051305898e+006 -8.4953703047921695e+006
  3.6246216466126624e+006 -8.4954816593828127e+006
  3.6249460406309529e+006 -8.4956453836434204e+006
  3.6252560840322408e+006 -8.4958623882347438e+006
  3.6255492059298893e+006 -8.4961445521117188e+006
  3.6258332477463768e+006 -8.4964724537234046e+006
  3.6260203062401819e+006 -8.4969445494314544e+006
  3.6258484850348658e+006 -8.4975267900656685e+006
  3.6256861609337614e+006 -8.4981098261873815e+006
  3.6254194648884600e+006 -8.4985014901768249e+006
  3.6251407072271630e+006 -8.4988339291713182e+006
  3.6248530791530828e+006 -8.4991405988700259e+006
  3.6245623213151358e+006 -8.4994289684438687e+006
  3.6242701174074435e+006 -8.4997129970462918e+006
  3.6239805464071920e+006 -8.5000084370574132e+006
  3.6237027269166331e+006 -8.5003458608494848e+006
  3.6234485605975008e+006 -8.5007783286705799e+006
  3.6232840807926543e+006 -8.5015287475382816e+006
  3.6233708501088116e+006 -8.5024963614888452e+006
  3.6234812811124492e+006 -8.5034530748973992e+006
  3.6233240687114894e+006 -8.5042097581543904e+006
  3.6230412912980057e+006 -8.5045283224714827e+006
  3.6227148866323372e+006 -8.5046917465446964e+006
  3.6223765430794233e+006 -8.5047826357639264e+006
  3.6220063281527646e+006 -8.5048347895158492e+006
  3.6216537129564113e+006 -8.5048600144247748e+006
  3.6213102710553859e+006 -8.5048816537049785e+006
  3.6209400908901077e+006 -8.5049174534375034e+006
  3.6205799955615737e+006 -8.5049753847667873e+006
  3.6202483012727671e+006 -8.5050804252670370e+006
  3.6199262868311079e+006 -8.5052654899403453e+006
  3.6196306029620720e+006 -8.5055371439576019e+006
  3.6193746358933211e+006 -8.5059589804696236e+006
  3.6192086912344713e+006 -8.5067117299731690e+006
  3.6191997363588940e+006 -8.5079482582900114e+006
  3.6191803169579576e+006 -8.5090865185208060e+006
  3.6190415620733178e+006 -8.5099757137961369e+006
  3.6188471373564396e+006 -8.5106231645705439e+006
  3.6186129906743430e+006 -8.5111282613872848e+006
  3.6183457776463227e+006 -8.5115042635968234e+006
  3.6180830538445776e+006 -8.5119003802526873e+006
  3.6178095938148256e+006 -8.5122565609394871e+006
  3.6175222999495212e+006 -8.5125558491352834e+006
  3.6172195598625564e+006 -8.5128073927307054e+006
  3.6169194796971222e+006 -8.5130631233574953e+006
  3.6166143940511844e+006 -8.5132947350241356e+006
  3.6163087453728504e+006 -8.5135198650911227e+006
  3.6159963745655064e+006 -8.5137380831211247e+006
  3.6156845709551373e+006 -8.5139549209207483e+006
  3.6153795215121498e+006 -8.5141741157959197e+006
  3.6150678296210454e+006 -8.5143952383464985e+006
  3.6147597866289155e+006 -8.5146213145555016e+006
  3.6144561476583346e+006 -8.5148563576117195e+006
  3.6141559532756638e+006 -8.5151155321087334e+006
  3.6138585045328396e+006 -8.5153812930193543e+006
  3.6135627693532822e+006 -8.5156493834182881e+006
  3.6132714019119176e+006 -8.5159358522175085e+006
  3.6129831266062371e+006 -8.5162343515691627e+006
  3.6126956767349984e+006 -8.5165390174531005e+006
  3.6124130278822677e+006 -8.5168603785705771e+006
  3.6121342315270030e+006 -8.5171949899185002e+006
  3.6118604471252691e+006 -8.5175478580936249e+006
  3.6115845413480098e+006 -8.5178924947348498e+006
  3.6113112855007532e+006 -8.5182483967346102e+006
  3.6110457965570274e+006 -8.5186327402371857e+006
  3.6107790988223478e+006 -8.5190149716025908e+006
  3.6105147911468591e+006 -8.5194039069359619e+006
  3.6102563267374206e+006 -8.5198153765474856e+006
  3.6099964253326645e+006 -8.5202206665584929e+006
  3.6097404753961442e+006 -8.5206416735680345e+006
  3.6094865837499183e+006 -8.5210708096791338e+006
  3.6092387277127896e+006 -8.5215234894241933e+006
  3.6090015201080092e+006 -8.5220110458604395e+006
  3.6087639499622239e+006 -8.5225037647896875e+006
  3.6084902411433510e+006 -8.5228593148121126e+006
  3.6082353588779061e+006 -8.5232815556284972e+006
  3.6079662536082943e+006 -8.5236605183048882e+006
  3.6076968777073952e+006 -8.5238134710956924e+006
  3.6074133602071186e+006 -8.5239114923468865e+006
  3.6070929074435947e+006 -8.5239848974906169e+006
  3.6068005091107218e+006 -8.5240676541942190e+006
  3.6064753790029082e+006 -8.5241456490170248e+006
  3.6061369641411891e+006 -8.5242295557378381e+006
  3.6057812488898113e+006 -8.5243239804245234e+006
  3.6054403193868105e+006 -8.5243990611446407e+006
  3.6050812738628350e+006 -8.5244619526741300e+006
  3.6047420813198760e+006 -8.5245237654538993e+006
  3.6043711412939331e+006 -8.5245683847930320e+006
  3.6040902703977721e+006 -8.5246199717666786e+006
  3.6037465338826729e+006 -8.5246721934884861e+006
  3.6033859014679990e+006 -8.5247255377112143e+006
  3.6030462118536299e+006 -8.5247934427509103e+006
  3.6026951968032545e+006 -8.5248708322343025e+006
  3.6023507878943873e+006 -8.5249620283452757e+006
  3.6020129293495500e+006 -8.5250727367457096e+006
  3.6016756389288320e+006 -8.5251933520864826e+006
  3.6013554747500960e+006 -8.5253553512134384e+006
  3.6010369741853043e+006 -8.5255439410027340e+006
  3.6007279318309259e+006 -8.5257590247170888e+006
  3.6004188426963170e+006 -8.5259942725764625e+006
  3.6001292034160658e+006 -8.5262855052702017e+006
  3.5998486807724233e+006 -8.5266150028644968e+006
  3.5995770030131866e+006 -8.5269750407462884e+006
  3.5993237766077709e+006 -8.5274526053345352e+006
  3.5992847054696567e+006 -8.5280188545167763e+006
  3.5994406965712649e+006 -8.5286053437665738e+006
  3.5996244787233812e+006 -8.5292321206158381e+006
  3.5998645884385305e+006 -8.5297154187925179e+006
  3.6001252309873910e+006 -8.5301175094475262e+006
  3.6003928592850366e+006 -8.5304936811745744e+006
  3.6006651159646069e+006 -8.5308552570406273e+006
  3.6009413207391244e+006 -8.5311984152673651e+006
  3.6012196159657631e+006 -8.5315366044809185e+006
  3.6015001403693147e+006 -8.5318635483115241e+006
  3.6017815936583658e+006 -8.5321891233710200e+006
  3.6020647320696656e+006 -8.5325076146369614e+006
  3.6023475439841878e+006 -8.5328264278312549e+006
  3.6026323364507551e+006 -8.5331415061867479e+006
  3.6029142284420957e+006 -8.5334598428842723e+006
  3.6032000873999409e+006 -8.5337749034736641e+006
  3.6034807350757136e+006 -8.5340959192801733e+006
  3.6037628623658642e+006 -8.5344217716014888e+006
  3.6040456672197962e+006 -8.5347413856821936e+006
  3.6043245103998333e+006 -8.5350763687526602e+006
  3.6046007288851808e+006 -8.5354205232590120e+006
  3.6048754110226678e+006 -8.5357710332525782e+006
  3.6051457933460912e+006 -8.5361383214081563e+006
  3.6054100625416674e+006 -8.5365264342083000e+006
  3.6056671301093488e+006 -8.5369451181748174e+006
  3.6059120699157179e+006 -8.5374074481483269e+006
  3.6061414397675884e+006 -8.5379270684233475e+006
  3.6063450350915082e+006 -8.5385451465878431e+006
  3.6065151206503813e+006 -8.5393107277539056e+006
  3.6065920654413048e+006 -8.5402083407394625e+006
  3.6065614647925710e+006 -8.5412462955808863e+006
  3.6065609849359579e+006 -8.5424599686739817e+006
  3.6067016207151245e+006 -8.5433097072556149e+006
  3.6069017019214346e+006 -8.5439413329160605e+006
  3.6071412183558643e+006 -8.5444232771450803e+006
  3.6074057201119023e+006 -8.5448144568547923e+006
  3.6076867438367768e+006 -8.5451389470612668e+006
  3.6079749227850512e+006 -8.5454353094336037e+006
  3.6082742061832296e+006 -8.5456961527284179e+006
  3.6085771238932880e+006 -8.5459421006432902e+006
  3.6088823606111463e+006 -8.5461789875514060e+006
  3.6091811076713959e+006 -8.5464361017172746e+006
  3.6094695027588871e+006 -8.5467361970244050e+006
  3.6097230910097626e+006 -8.5471932893068958e+006
  3.6097465910948683e+006 -8.5480944501041733e+006
  3.6095361504252814e+006 -8.5487227720287126e+006
  3.6093023120334428e+006 -8.5492258028217200e+006
  3.6090607623343286e+006 -8.5497015515297111e+006
  3.6088244776967792e+006 -8.5501949761641696e+006
  3.6086000084853615e+006 -8.5507647741180677e+006
  3.6085665839864830e+006 -8.5516505528456271e+006
  3.6088004941083458e+006 -8.5521940379682221e+006
  3.6090786747168507e+006 -8.5525267336632200e+006
  3.6093683828777522e+006 -8.5528208292298000e+006
  3.6096590331117343e+006 -8.5531128288182560e+006
  3.6099453330108826e+006 -8.5534123046746459e+006
  3.6102334989492712e+006 -8.5537227408993617e+006
  3.6105299331516111e+006 -8.5539967768549453e+006
  3.6107420194310406e+006 -8.5545089025610331e+006
  3.6107642409405014e+006 -8.5556000558284279e+006
  3.6107497002734239e+006 -8.5566672158441357e+006
  3.6106906767678224e+006 -8.5573019935736842e+006
  3.6105686606986756e+006 -8.5581876982519552e+006
  3.6104277270831647e+006 -8.5590455984002799e+006
  3.6102860511124446e+006 -8.5598879171142466e+006
  3.6101540387043376e+006 -8.5607689335741047e+006
  3.6100482881145314e+006 -8.5617951758533400e+006
  3.6100335732251210e+006 -8.5626921496143751e+006
  3.6101516119102980e+006 -8.5635622743652407e+006
  3.6103656129179490e+006 -8.5641458907315154e+006
  3.6106385186449559e+006 -8.5645045901712254e+006
  3.6109432381384484e+006 -8.5647449536809735e+006
  3.6112655099084522e+006 -8.5649073495953660e+006
  3.6116208659013957e+006 -8.5649975320621021e+006
  3.6119256217069807e+006 -8.5650382285654210e+006
  3.6122420094439164e+006 -8.5650594138297774e+006
  3.6126132737099319e+006 -8.5650656879897416e+006
  3.6129841414990644e+006 -8.5650634883093163e+006
  3.6133067442618813e+006 -8.5650456132521182e+006
  3.6135661209098673e+006 -8.5650424592469577e+006
  3.6138279586074706e+006 -8.5650428179496229e+006
  3.6141600211411370e+006 -8.5650993894517776e+006
  3.6145310913559631e+006 -8.5651301562005654e+006
  3.6148903767052032e+006 -8.5651325522224884e+006
  3.6151982576965019e+006 -8.5653569641022384e+006
  3.6155046131908214e+006 -8.5656033265543897e+006
  3.6156948796098176e+006 -8.5660806328335721e+006
  3.6157325297666742e+006 -8.5671768104753252e+006
  3.6156747788206623e+006 -8.5679601618367415e+006
  3.6155032775116935e+006 -8.5687004747860972e+006
  3.6153054107509316e+006 -8.5693408007704020e+006
  3.6151005836181282e+006 -8.5699538587491605e+006
  3.6148922034024773e+006 -8.5705553064492177e+006
  3.6146833275217912e+006 -8.5711537716149762e+006
  3.6144781212808839e+006 -8.5717653843332324e+006
  3.6142748530583670e+006 -8.5723844199271258e+006
  3.6140703337264247e+006 -8.5730004873897266e+006
  3.6138718738955595e+006 -8.5736364878775645e+006
  3.6136751092148870e+006 -8.5742817251919284e+006
  3.6134822408962273e+006 -8.5749391856026482e+006
  3.6133032314156950e+006 -8.5756520983881690e+006
  3.6131458582964358e+006 -8.5764463248803262e+006
  3.6130879660184071e+006 -8.5775277881250046e+006
  3.6132366323737255e+006 -8.5783717973007150e+006
  3.6134624920339324e+006 -8.5789030176705979e+006
  3.6137206822750666e+006 -8.5793155756802149e+006
  3.6139950432246425e+006 -8.5796696103276685e+006
  3.6142834062127294e+006 -8.5799724707469735e+006
  3.6145766455329722e+006 -8.5802466464289054e+006
  3.6148740491408156e+006 -8.5805053487628195e+006
  3.6151783142754543e+006 -8.5807451259356830e+006
  3.6154833176043476e+006 -8.5809832200245820e+006
  3.6157900957047427e+006 -8.5812158487649728e+006
  3.6160950712400447e+006 -8.5814557893213369e+006
  3.6163968579480615e+006 -8.5817011140344851e+006
  3.6166974072325132e+006 -8.5819498222701419e+006
  3.6169970274602189e+006 -8.5822115234162137e+006
  3.6172919680789988e+006 -8.5824914798653945e+006
  3.6175754208461377e+006 -8.5828009045159705e+006
  3.6178538980619521e+006 -8.5831408688175362e+006
  3.6181101706807427e+006 -8.5835651108068042e+006
  3.6182844130966947e+006 -8.5841779070714936e+006
  3.6183079119577534e+006 -8.5847035919886027e+006
  3.6181802641396183e+006 -8.5852808809927609e+006
  3.6179031755148522e+006 -8.5856500595399886e+006
  3.6176100937697617e+006 -8.5859310086298473e+006
  3.6173066515061115e+006 -8.5861717830781508e+006
  3.6169936265361411e+006 -8.5863776216721665e+006
  3.6166765556957028e+006 -8.5865725544827059e+006
  3.6163627960070753e+006 -8.5867700476806182e+006
  3.6160445890380135e+006 -8.5869619899301697e+006
  3.6157320164842880e+006 -8.5871690081185251e+006
  3.6154301115274117e+006 -8.5874125813087225e+006
  3.6151406478206706e+006 -8.5877062514557224e+006
  3.6149119895611964e+006 -8.5882572295345496e+006
  3.6149922257835297e+006 -8.5890980384581834e+006
  3.6152465289820936e+006 -8.5895524271133337e+006
  3.6155195421341565e+006 -8.5899082479830626e+006
  3.6158004416556940e+006 -8.5902321186339948e+006
  3.6160916004630192e+006 -8.5905236320287362e+006
  3.6163854439027766e+006 -8.5907983772018552e+006
  3.6166858904820541e+006 -8.5910557933966331e+006
  3.6169869079593103e+006 -8.5913013333233856e+006
  3.6172928161530681e+006 -8.5915351117396224e+006
  3.6176018893660945e+006 -8.5917567442351803e+006
  3.6179140751993419e+006 -8.5919721079243794e+006
  3.6182258562704585e+006 -8.5921764822057914e+006
  3.6185402962150183e+006 -8.5923738953647893e+006
  3.6188589223003229e+006 -8.5925605367709901e+006
  3.6191817622681018e+006 -8.5927348574667759e+006
  3.6195040355791035e+006 -8.5929029316010661e+006
  3.6198302942660018e+006 -8.5930556115106847e+006
  3.6201568906218177e+006 -8.5932114122076221e+006
  3.6205064643656877e+006 -8.5933199542376641e+006
